138425
166842
179400
223446
187183
183394
168756
25152
184762
192724
203301
154518
188898
187161
216639
164914
218173
212086
190483
31298
197755
178876
174189
121486
181594
179934
190851
183442
208492
194059
196897
41464
173298
201346
188741
123503
188668
162265
182918
204807
204510
200507
189052
36428
207655
224210
200754
153423
189017
197430
220661
203018
213316
228743
208647
60188
213379
224265
216919
168454
196592
219682
237449
184858
228762
228788
220227
40069
219635
205875
219729
165995
192199
232617
255023
200635
260528
252363
224501
61962
210429
221817
246391
161519
234075
223152
238185
185781
238777
230345
209111
56720
177481
188981
190019
118284
201087
208120
188543
217216
232923
219179
212444
82742
215172
219626
221530
147884
207006
212705
226428
220719
233278
236176
231517
47827
214580
250982
224027
161019
194092
216004
243359
208072
237175
257235
217272
68403
244797
217813
226977
125871
167391
193393
191860
211320
217392
224185
178916
62231
217278
188788
199915
124800
180421
188678
210103
153392
226924
216732
158268
70959
206780
207433
228585
140751
201613
210081
218483
181890
245369
227389
194897
90993
221064
229800
218435
121190
212170
222210
182465
228808
215425
190450
201466
48071
194813
156407
136327
69464
98923
118040
165315
154059
158651
177560
175170
70643
197654
191606
188592
136989
165867
185721
201279
158219
186972
195533
175408
46060
172672
167846
182858
114095
156137
178803
196789
152708
187311
194090
162124
48990
193592
157900
166372
89608
130764
163556
157821
120766
161929
139823
135140
42400
113375
132607
128997
88635
141505
170571
144180
154760
175503
163706
168988
55773
162059
166270
152295
99769
133361
171602
173105
161608
183129
177938
185277
38383
180748
193392
173023
125211
175463
201128
214138
177533
204959
215479
214675
46727
208080
201475
213905
144129
176924
232724
217183
232322
229409
228938
193223
78514
214231
206200
225181
121751
185033
226722
246506
161142
231152
209286
183542
56640
208777
202825
227069
142182
185429
211958
220623
222549
246673
237661
189627
76969
160246
192225
209633
115870